  0   0   0   0   0 255   0   0 255   0 255   0   0   0   0   0
  0 254 239 239 231 255 239  16 255   0 255 231 239 239 254   0
  0 239   0   0 231 255   0 255   0 255 255 231   0   0 239   0
  0 239   0   0 231 255   0   0 255 255 255 231   0   0 239   0
  0 231 231 231 210 255 231 255 255 231 255 210 231 231 231   0
255 255 255 255 255 255 255   0 255 255 255 255 255 255 255 255
  0   0   0 255 231 255   0 255 255 255   0 255   0   0 239   0
  0 255 255   0  24   0 255   0 255   0 255  24 255 255 255 255
255  16   0 255  24   0 255   0 255   0   0 255 255 255  16   0
255 239   0 255   0 255   0 255   0 255   0 255   0 255 239 255
255 255 255 255 255 255   0   0 255 255   0  24 255 255   0 255
  0 231 231 231 210 255 255 255  24  24   0 231 231  24 231  24
  0 239   0   0 231 255 255   0   0 255 255 231 255   0 255   0
  0 239   0   0 231 255   0 255 255 255   0 255   0 255  16 255
  0 254 239 239 231 255   0 255   0  16 239 233   0   0 254  16
  0   0   0   0   0 255   0 255   0   0 255  24 255   0 255 255
  0   0   0   0   0 255   0   0 255   0 255   0   0   0   0   0
  0 254 239 239 231 255 239  16 255   0 255 231 239 239 254   0
  0 239   0   0 231 255   0 255   0 255 255 231   0   0 239   0
  0 239   0   0 231 255   0   0 255 255 255 231   0   0 239   0
  0 231 231 231 210 255 231 255 255 231 255 210 231 231 231   0
255 255 255 255 255 255 255   0 255 255 255 255 255 255 255 255
  0   0   0 255 231 255   0 255 255 255   0 255   0   0 239   0
  0 255 255   0  24   0 255   0 255   0 255  24 255 255 255 255
255  16   0 255  24   0 255   0 255   0   0 255 255 255  16   0
255 239   0 255   0 255   0 255   0 255   0 255   0 255 239 255
255 255 255 255 255 255   0   0 255 255   0  24 255 255   0 255
  0 231 231 231 210 255 255 255  24  24   0 231 231  24 231  24
  0 239   0   0 231 255 255   0   0 255 255 231 255   0 255   0
  0 239   0   0 231 255   0 255 255 255   0 255   0 255  16 255
  0 254 239 239 231 255   0 255   0  16 239 233   0   0 254  16
  0   0   0   0   0 255   0 255   0   0 255  24 255   0 255 255
  0   0   0   0   0 255   0   0 255   0 255   0   0   0   0   0
  0 254 239 239 231 255 239  16 255   0 255 231 239 239 254   0
  0 239   0   0 231 255   0 255   0 255 255 231   0   0 239   0
  0 239   0   0 231 255   0   0 255 255 255 231   0   0 239   0
  0 231 231 231 210 255 231 255 255 231 255 210 231 231 231   0
255 255 255 255 255 255 255   0 255 255 255 255 255 255 255 255
  0   0   0 255 231 255   0 255 255 255   0 255   0   0 239   0
  0 255 255   0  24   0 255   0 255   0 255  24 255 255 255 255
255  16   0 255  24   0 255   0 255   0   0 255 255 255  16   0
255 239   0 255   0 255   0 255   0 255   0 255   0 255 239 255
255 255 255 255 255 255   0   0 255 255   0  24 255 255   0 255
  0 231 231 231 210 255 255 255  24  24   0 231 231  24 231  24
  0 239   0   0 231 255 255   0   0 255 255 231 255   0 255   0
  0 239   0   0 231 255   0 255 255 255   0 255   0 255  16 255
  0 254 239 239 231 255   0 255   0  16 239 233   0   0 254  16
  0   0   0   0   0 255   0 255   0   0 255  24 255   0 255 255

  0   0   0   0   0 255   0 255   0 255 255  24   0 255  16 255
  0 254 239 239 231 255 239 255  16 239   0 231 255  16 254 255
  0 239   0   0 231 255   0 255 255 255 255  24   0 255   0   0
  0 239   0   0 231 255   0 255 255   0 255 231 255   0   0 255
  0 231 231 231 210 255 255  24 255 255  24 231 231 255 233  24
255 255 255 255 255 255   0 255   0   0   0   0 255   0 239 255
  0   0 255 255 231 255 255   0   0 255 255  24 255 255  16   0
255 255   0 255 255 255 255 255 255   0 255  24   0 255   0   0
  0  16 255   0 255   0 255   0   0 255   0 255   0 255 255 255
  0 239   0   0 231 255   0 255 255   0   0 255 255   0   0   0
255 255 255 255 255 255 255   0   0 255 255 255 255 255 255 255
  0 231 231 231 210 255 231  24  24   0 255 210 231 231 231   0
  0 239   0   0 231 255 255   0 255 255 255 231   0   0 239   0
  0 239   0   0 231 255   0 255   0   0 255 231   0   0 239   0
  0 254 239 239 231 255   0 255  16 239 255 231 239 239 254   0
  0   0   0   0   0 255   0   0 255 255 255   0   0   0   0   0
  0   0   0   0   0 255   0 255   0 255 255  24   0 255  16 255
  0 254 239 239 231 255 239 255  16 239   0 231 255  16 254 255
  0 239   0   0 231 255   0 255 255 255 255  24   0 255   0   0
  0 239   0   0 231 255   0 255 255   0 255 231 255   0   0 255
  0 231 231 231 210 255 255  24 255 255  24 231 231 255 233  24
255 255 255 255 255 255   0 255   0   0   0   0 255   0 239 255
  0   0 255 255 231 255 255   0   0 255 255  24 255 255  16   0
255 255   0 255 255 255 255 255 255   0 255  24   0 255   0   0
  0  16 255   0 255   0 255   0   0 255   0 255   0 255 255 255
  0 239   0   0 231 255   0 255 255   0   0 255 255   0   0   0
255 255 255 255 255 255 255   0   0 255 255 255 255 255 255 255
  0 231 231 231 210 255 231  24  24   0 255 210 231 231 231   0
  0 239   0   0 231 255 255   0 255 255 255 231   0   0 239   0
  0 239   0   0 231 255   0 255   0   0 255 231   0   0 239   0
  0 254 239 239 231 255   0 255  16 239 255 231 239 239 254   0
  0   0   0   0   0 255   0   0 255 255 255   0   0   0   0   0
  0   0   0   0   0 255   0 255   0 255 255  24   0 255  16 255
  0 254 239 239 231 255 239 255  16 239   0 231 255  16 254 255
  0 239   0   0 231 255   0 255 255 255 255  24   0 255   0   0
  0 239   0   0 231 255   0 255 255   0 255 231 255   0   0 255
  0 231 231 231 210 255 255  24 255 255  24 231 231 255 233  24
255 255 255 255 255 255   0 255   0   0   0   0 255   0 239 255
  0   0 255 255 231 255 255   0   0 255 255  24 255 255  16   0
255 255   0 255 255 255 255 255 255   0 255  24   0 255   0   0
  0  16 255   0 255   0 255   0   0 255   0 255   0 255 255 255
  0 239   0   0 231 255   0 255 255   0   0 255 255   0   0   0
255 255 255 255 255 255 255   0   0 255 255 255 255 255 255 255
  0 231 231 231 210 255 231  24  24   0 255 210 231 231 231   0
  0 239   0   0 231 255 255   0 255 255 255 231   0   0 239   0
  0 239   0   0 231 255   0 255   0   0 255 231   0   0 239   0
  0 254 239 239 231 255   0 255  16 239 255 231 239 239 254   0
  0   0   0   0   0 255   0   0 255 255 255   0   0   0   0   0

199 252  24 151 135 220   0  34 243  41 150  37  80  80  80  21
163 193  12  30 176 128  98   2 217  41 150 117 145 132 200  69
177 127 221  51 250  95 249 182 212  46 151 117  28   0 143  69
 86 243  40 226 113 142 181  54  70 207 156 117  55  30 156  69
135 104 144 125 103   3 150 119 217 255 156  47 103 103 103  28
176   6 232 158 137  63 253 199  80  88 215 161 166 161 164 167
202 132 233  89 255  92 171  92 210  76 141  27 201   4 136 240
 15 124 203 203 203  69  51 244  72 178  82 109 165  63 116 161
229 237 217 191 128 211  51 247  62 187  88 117  24 251 238  69
108 151  41  62 237 118 221 211 187  69 143 120 196  41  41  11
152 153 150 151 156 215 176 203  88 143 212 153 155 150 150 150
 37 117 117 117  47 164 145 227 235 139 153  54 117 117 117  31
 80 145  28  55 103 167 249 194  53  32 151 117  53  28 155  69
 80 132   0  30 103 167 190  63 251  41 150 117  28   0 143  69
 80 200 143 156 103 161  53 230 116 137 154 117 155 143 205  69
 21  69  69  69  28 161  51 255  36  57 152  31  69  69  69  18
199 252  24 151 135 220   0  34 243  41 150  37  80  80  80  21
163 193  12  30 176 128  98   2 217  41 150 117 145 132 200  69
177 127 221  51 250  95 249 182 212  46 151 117  28   0 143  69
 86 243  40 226 113 142 181  54  70 207 156 117  55  30 156  69
135 104 144 125 103   3 150 119 217 255 156  47 103 103 103  28
176   6 232 158 137  63 253 199  80  88 215 161 166 161 164 167
202 132 233  89 255  92 171  92 210  76 141  27 201   4 136 240
 15 124 203 203 203  69  51 244  72 178  82 109 165  63 116 161
229 237 217 191 128 211  51 247  62 187  88 117  24 251 238  69
108 151  41  62 237 118 221 211 187  69 143 120 196  41  41  11
152 153 150 151 156 215 176 203  88 143 212 153 155 150 150 150
 37 117 117 117  47 164 145 227 235 139 153  54 117 117 117  31
 80 145  28  55 103 167 249 194  53  32 151 117  53  28 155  69
 80 132   0  30 103 167 190  63 251  41 150 117  28   0 143  69
 80 200 143 156 103 161  53 230 116 137 154 117 155 143 205  69
 21  69  69  69  28 161  51 255  36  57 152  31  69  69  69  18
199 252  24 151 135 220   0  34 243  41 150  37  80  80  80  21
163 193  12  30 176 128  98   2 217  41 150 117 145 132 200  69
177 127 221  51 250  95 249 182 212  46 151 117  28   0 143  69
 86 243  40 226 113 142 181  54  70 207 156 117  55  30 156  69
135 104 144 125 103   3 150 119 217 255 156  47 103 103 103  28
176   6 232 158 137  63 253 199  80  88 215 161 166 161 164 167
202 132 233  89 255  92 171  92 210  76 141  27 201   4 136 240
 15 124 203 203 203  69  51 244  72 178  82 109 165  63 116 161
229 237 217 191 128 211  51 247  62 187  88 117  24 251 238  69
108 151  41  62 237 118 221 211 187  69 143 120 196  41  41  11
152 153 150 151 156 215 176 203  88 143 212 153 155 150 150 150
 37 117 117 117  47 164 145 227 235 139 153  54 117 117 117  31
 80 145  28  55 103 167 249 194  53  32 151 117  53  28 155  69
 80 132   0  30 103 167 190  63 251  41 150 117  28   0 143  69
 80 200 143 156 103 161  53 230 116 137 154 117 155 143 205  69
 21  69  69  69  28 161  51 255  36  57 152  31  69  69  69  18

 22  75  75  75  33 162 241 161  75  14 156  33  75  75  75  22
 75 201 138 151 111 159 133 119 235  47 156 111 151 138 201  75
 75 138   0  30 111 156   7  59 247  49 156 111  30   0 138  75
 75 151  30  56 111 161 205 172  21 195 162 111  56  30 151  75
 33 111 111 111  48 156  26 119 119 117 159  48 111 111 111  33
156 156 156 162 162 215 145  81  81 145 217 159 157 156 159 158
 47  47  49 200 255  93  76 180 180  76 145 137  33  46 134  61
242 210 208  77 210  82 216  72  72 180  81 230  50 247 121  44
 31   2 191  52 119 206  83 247 247 218 210 230 203  59 233 255
  0  96 250 188 144 254 178  47  47 217 179 137 251 196  48  47
221 129  99 138   3  65  97  76 205 126 215 159 162 162 156 156
134 177 253 122 111 134 255 210 119 235 162  48 111 111 111  33
153  30  51 219 130 157  88 210 186  65 157 111  56  30 151  75
 22  13 228  42 140 233 235 210 210  47 156 111  30   0 138  75
252 199 121 241 111   6 136 120 234 159 159 111 151 138 201  75
202 157 184  83 134 182 208  13 224 108 158  33  75  75  75  22
 22  75  75  75  33 162 241 161  75  14 156  33  75  75  75  22
 75 201 138 151 111 159 133 119 235  47 156 111 151 138 201  75
 75 138   0  30 111 156   7  59 247  49 156 111  30   0 138  75
 75 151  30  56 111 161 205 172  21 195 162 111  56  30 151  75
 33 111 111 111  48 156  26 119 119 117 159  48 111 111 111  33
156 156 156 162 162 215 145  81  81 145 217 159 157 156 159 158
 47  47  49 200 255  93  76 180 180  76 145 137  33  46 134  61
242 210 208  77 210  82 216  72  72 180  81 230  50 247 121  44
 31   2 191  52 119 206  83 247 247 218 210 230 203  59 233 255
  0  96 250 188 144 254 178  47  47 217 179 137 251 196  48  47
221 129  99 138   3  65  97  76 205 126 215 159 162 162 156 156
134 177 253 122 111 134 255 210 119 235 162  48 111 111 111  33
153  30  51 219 130 157  88 210 186  65 157 111  56  30 151  75
 22  13 228  42 140 233 235 210 210  47 156 111  30   0 138  75
252 199 121 241 111   6 136 120 234 159 159 111 151 138 201  75
202 157 184  83 134 182 208  13 224 108 158  33  75  75  75  22
 22  75  75  75  33 162 241 161  75  14 156  33  75  75  75  22
 75 201 138 151 111 159 133 119 235  47 156 111 151 138 201  75
 75 138   0  30 111 156   7  59 247  49 156 111  30   0 138  75
 75 151  30  56 111 161 205 172  21 195 162 111  56  30 151  75
 33 111 111 111  48 156  26 119 119 117 159  48 111 111 111  33
156 156 156 162 162 215 145  81  81 145 217 159 157 156 159 158
 47  47  49 200 255  93  76 180 180  76 145 137  33  46 134  61
242 210 208  77 210  82 216  72  72 180  81 230  50 247 121  44
 31   2 191  52 119 206  83 247 247 218 210 230 203  59 233 255
  0  96 250 188 144 254 178  47  47 217 179 137 251 196  48  47
221 129  99 138   3  65  97  76 205 126 215 159 162 162 156 156
134 177 253 122 111 134 255 210 119 235 162  48 111 111 111  33
153  30  51 219 130 157  88 210 186  65 157 111  56  30 151  75
 22  13 228  42 140 233 235 210 210  47 156 111  30   0 138  75
252 199 121 241 111   6 136 120 234 159 159 111 151 138 201  75
202 157 184  83 134 182 208  13 224 108 158  33  75  75  75  22
